|C100|1|0||65|00|115|004633|26250205157542000196651150000046331009900006|01022025|01022025|31,87|0|0|0|31,87|9|0,00|0,00|0,00|0,00|0,00||||||||
|C190|060|5405|0,00|31,88|0,00|0,00|0,00|0,00|0,00|0,00||
|C100|1|0||65|00|115|004634|26250205157542000196651150000046341009854222|01022025|01022025|15,94|0|0|0|15,94|9|0,00|0,00|0,00|0,00|0,00||||||||
|C190|060|5405|0,00|15,91|0,00|0,00|0,00|0,00|0,00|0,00||
|C100|1|0||65|00|115|004635|26250205157542000196651150000046351009097470|01022025|01022025|29,28|0|0|0|29,28|9|0,00|0,00|0,00|0,00|0,00||||||||
|C190|060|5405|0,00|29,28|0,00|0,00|0,00|0,00|0,00|0,00||
|C100|1|0||65|00|115|004636|26250205157542000196651150000046361005557902|01022025|01022025|26,30|0|0|0|26,30|9|0,00|0,00|0,00|0,00|0,00||||||||
|C190|060|5405|0,00|26,30|0,00|0,00|0,00|0,00|0,00|0,00||
|C100|1|0||65|00|115|004637|26250205157542000196651150000046371009117963|01022025|01022025|47,02|0|0|0|47,02|9|0,00|0,00|0,00|0,00|0,00||||||||
|C190|060|5405|0,00|47,01|0,00|0,00|0,00|0,00|0,00|0,00||
|C100|1|0||65|00|115|004638|26250205157542000196651150000046381008462036|01022025|01022025|34,60|0|0|0|34,60|9|0,00|0,00|0,00|0,00|0,00||||||||
|C190|060|5405|0,00|34,60|0,00|0,00|0,00|0,00|0,00|0,00||
|C100|1|0||65|00|115|004639|26250205157542000196651150000046391003258152|01022025|01022025|32,37|0|0|0|32,37|9|0,00|0,00|0,00|0,00|0,00||||||||
|C190|060|5405|0,00|32,37|0,00|0,00|0,00|0,00|0,00|0,00||
